0.0 8.0
0.7639150846409741 8.0
2.1229070645975177 8.0
9.064300099580125 8.0
9.67440664397342 8.0
18.7251237003488 8.0
20.898812244282492 8.0
23.008575361391156 8.0
24.525544429965844 8.0
26.790546813902004 8.0
29.224206811293374 8.0
36.869909616842946 8.0
38.296941127415366 8.0
41.552312197007176 8.0
43.16355560772059 8.0
46.11952948549465 8.0
47.64875945177688 8.0
47.70963701027605 8.0
51.14580935181035 8.0
51.730273440151414 8.0
54.62721591004041 6.0
58.82675118990696 8.0
62.301786272588956 8.0
71.93484867288598 6.0
74.76895888821245 8.0
78.75526455983889 8.0
84.4662747986376 8.0
86.57894603870987 8.0
87.16586571490552 8.0
88.84156297526422 8.0
92.92345378932568 8.0
95.79044510726654 8.0
96.57913374911358 8.0
97.87684402698513 8.0
99.2526364683688 8.0
103.14633256316053 8.0
106.47732601484324 8.0
107.86630342520658 8.0
108.85795061681293 8.0
111.77602693006779 8.0
111.90141702677326 6.0
115.04271457681953 8.0
121.46044333466533 8.0
122.55399449252448 8.0
123.63947614121894 8.0
136.24773727615812 8.0
137.40672480883484 8.0
140.18036649586583 8.0
141.22617274549464 8.0
142.77948745820208 8.0
