0.0 8.0
6.92666877360455 8.0
10.300012413849577 8.0
11.915374915124586 6.0
12.29730255351864 8.0
13.596378288506564 8.0
18.48273368448914 8.0
19.20093706573784 8.0
19.369236112273175 8.0
21.866490625685202 8.0
25.754434041118976 8.0
33.29456471161518 8.0
41.23617482757248 8.0
45.30419610844668 8.0
51.80179848730084 8.0
53.439493012942975 8.0
55.95125196082373 8.0
60.67169774116913 8.0
62.56458802258716 8.0
65.44050407420477 8.0
66.06260428549949 8.0
68.50284101401861 8.0
69.7688047790068 8.0
75.7170334714934 8.0
82.26707020154659 8.0
82.77438936824991 8.0
84.83659052311201 8.0
87.70147265404341 8.0
89.57876733172539 6.0
90.6680509045928 8.0
92.28061874055118 8.0
98.37458917609383 8.0
98.74090240264026 8.0
99.67364057933098 8.0
99.78158465204771 8.0
101.49228450050573 8.0
102.90417443124292 8.0
106.05141728333956 8.0
108.9732336124091 8.0
113.01807475412342 8.0
113.45008423789794 8.0
119.62958818821245 8.0
124.22169454850331 8.0
133.2769310054516 8.0
134.1748877327646 8.0
135.08972392532812 8.0
135.74044397485278 8.0
142.11595964965107 8.0
143.9712026586971 8.0
145.96934514633338 8.0
147.61611474516005 8.0
148.6496970616325 8.0
156.0341532366565 8.0
157.16817561535217 8.0
163.99981218977643 8.0
165.25513115274518 8.0
166.38810990490396 8.0
168.77819873578983 8.0
171.06960623780634 8.0
172.29546109295768 8.0
172.4315648027616 8.0
172.76315825718703 8.0
179.57801313884906 8.0
180.1596426677929 8.0
181.45139828024733 8.0
186.18059762170915 8.0
186.48078654974444 8.0
192.01432885170314 8.0
194.78731960007698 8.0
199.4763832920545 8.0
201.10271017985457 8.0
202.2071762274712 8.0
205.15555923474912 8.0
205.96674063619096 6.0
207.34831561088734 8.0
209.18413723943306 8.0
217.0616136277169 8.0
225.9288432933781 8.0
226.50258952559028 8.0
228.282574167916 8.0
229.20912620939703 8.0
232.78105465070155 6.0
245.8902441101634 8.0
251.77332308175997 8.0
252.27900203391772 8.0
253.99994710873347 8.0
258.98800258493293 8.0
259.69086416720063 8.0
264.99874938392753 8.0
266.9233754244919 8.0
269.9050050665609 8.0
276.3389639881683 8.0
279.14475359579257 8.0
286.9264527874548 8.0
291.97428135232724 8.0
293.6045534134642 8.0
296.7805691496806 8.0
299.31760450303295 8.0
299.8612637824205 8.0
301.2778029456746 8.0
301.72617043928415 8.0
303.31892364858345 8.0
311.5971791280436 8.0
317.5686624963705 8.0
318.452136953645 8.0
321.6505536423084 8.0
323.5770535875792 8.0
326.29759252017374 8.0
326.365034472398 8.0
327.9701380602281 8.0
335.5392328824582 8.0
336.11295866519157 8.0
341.62612508897894 8.0
345.92192260003657 8.0
346.5772049987726 8.0
347.9901338074932 8.0
348.7590646214464 8.0
355.3823408079856 8.0
358.39261891980726 8.0
361.40687244437856 8.0
362.1943492062664 6.0
364.9285025110206 8.0
366.63355034482714 8.0
366.9183731923836 6.0
379.5343518318711 8.0
379.7314961573475 8.0
383.97383910012894 8.0
384.20204614656984 8.0
386.17573741509796 8.0
394.9067796796507 8.0
398.2240644002992 8.0
403.81977802070037 8.0
409.35080012044676 8.0
409.9522894004288 8.0
425.6323625068544 8.0
428.7867631624149 8.0
430.5122204206236 8.0
440.982735921209 6.0
442.69380658596924 8.0
451.1739274218155 8.0
451.8993013029226 8.0
452.3524913557541 8.0
454.8005613999039 8.0
455.70453252041995 8.0
456.7861477982393 8.0
458.02514927534247 8.0
465.8067155163427 8.0
466.07292737089716 8.0
466.2122131207109 8.0
467.9043535972499 8.0
468.9641111476594 8.0
472.8395136656265 8.0
483.37700724256894 8.0
488.47541947391926 8.0
491.85540073526033 8.0
502.109972570074 8.0
505.4045049418548 8.0
509.5000190621426 8.0
516.0084941006766 8.0
516.1248813185244 6.0
518.8005527129147 8.0
527.7313650746561 8.0
530.1529103303502 8.0
535.5830516267608 8.0
537.7509603752251 8.0
559.2777262556975 8.0
561.3419632284225 8.0
562.430611119486 8.0
566.2809023874955 8.0
571.9012197956324 8.0
572.7483133398943 8.0
579.9215882144537 8.0
580.7345659480114 8.0
582.9672958624257 8.0
583.1432165075904 8.0
583.9936240614048 8.0
586.7759379150441 8.0
589.5373081743053 8.0
594.201192252446 8.0
598.2920407666874 8.0
599.6611471666869 8.0
599.958334707611 8.0
604.2818849876426 8.0
609.0836712865903 8.0
610.5918198412083 8.0
611.0654262344264 8.0
612.1054921902767 8.0
619.3830108279432 8.0
619.6968247736096 8.0
633.662988529226 6.0
634.4146615330129 6.0
639.5560210298636 8.0
641.4935563943254 8.0
652.1863071144546 8.0
653.3784004563682 8.0
654.9832483972601 6.0
656.0367720761865 8.0
657.5450670666263 8.0
658.8577739906497 8.0
659.0823684102252 8.0
665.8624865803644 8.0
667.4462089239146 8.0
668.4386825263613 8.0
668.5132414154823 8.0
672.5987417234329 8.0
673.5390233575673 8.0
678.9900591871078 8.0
680.2846427666367 8.0
684.2514242130983 8.0
685.4661036121386 8.0
686.2333227621465 8.0
686.6791119769897 8.0
688.1943650971871 8.0
691.0344462306455 8.0
691.5600997989708 8.0
696.0558225909392 8.0
700.4752691646986 8.0
703.2212742506296 8.0
709.6032495005678 8.0
709.8992193630654 8.0
710.1630736605098 8.0
710.3766220840312 8.0
711.0083951242294 8.0
713.8625192041598 8.0
717.8333095665298 8.0
719.0557644929684 8.0
720.166703912871 8.0
725.5611902319479 8.0
729.000524456064 8.0
731.6125541258521 8.0
733.3786662188667 8.0
734.4248370319912 6.0
735.9725101914195 8.0
737.7376170088419 8.0
741.1770726026764 8.0
743.5996548587339 8.0
744.4887420939474 8.0
746.2992346170718 8.0
747.1372017868495 8.0
748.5339950519827 8.0
756.6749963640294 8.0
760.6450770746727 8.0
762.8152227125145 8.0
763.9512062812157 8.0
768.1700353004848 8.0
769.9321788944563 8.0
774.813322229746 8.0
779.0772451962087 8.0
779.8183373051548 8.0
779.9726821697604 8.0
783.1226136821377 8.0
787.7069099444147 8.0
787.9765371197386 8.0
797.26581320714 8.0
797.2903350733892 8.0
800.0169777264896 8.0
803.138367556962 8.0
803.782198608826 6.0
804.7513568328167 8.0
807.4477034822509 8.0
814.3697917970842 8.0
816.4015238165654 8.0
817.9326123377631 8.0
822.9799536154924 8.0
824.2920191389314 8.0
838.5994435977599 8.0
838.6367244313639 8.0
840.0060623233177 8.0
840.4102118271118 8.0
843.5800718011066 8.0
853.2478349583193 8.0
855.2302811432965 8.0
863.4212039363972 8.0
864.5298135616353 8.0
864.9706229005551 8.0
866.1468813867469 8.0
867.0827814972889 8.0
868.9880412540303 8.0
871.4232140759713 8.0
873.2335009270877 8.0
875.331345041835 8.0
876.1246092558322 8.0
878.0899021220597 8.0
880.6172393480128 8.0
882.5608583159609 8.0
891.9367381710501 8.0
896.1709774037042 8.0
896.1952091378457 8.0
901.9433418506428 8.0
904.7623912396293 8.0
905.5427453765454 8.0
906.194804807128 8.0
907.4639658232576 8.0
911.6989323109404 8.0
911.8304679567449 8.0
913.9413454739761 8.0
918.3954268611964 8.0
922.0178054866723 8.0
925.1847756283843 8.0
930.6398248844199 8.0
945.6577154556896 8.0
956.1311292699768 8.0
957.830245322996 8.0
961.3167035338687 8.0
963.4911473639406 8.0
964.3244646569722 8.0
967.6962136903891 8.0
970.5837966954515 8.0
979.0238740167343 8.0
982.447494628888 8.0
990.3819721420281 8.0
994.5789780188796 8.0
995.6643704063688 6.0
996.047069542166 8.0
997.8640339312395 8.0
999.5714291854777 8.0
1002.7148643299589 8.0
1004.7145782540662 8.0
1013.6800695464456 8.0
1013.7916048305059 8.0
1016.2783203288458 8.0
1038.3119748153654 8.0
1041.3456911525936 8.0
1044.1598199053024 8.0
1046.0816701245865 6.0
1053.0903465184265 8.0
1054.7369674265528 8.0
1067.508171199407 8.0
1068.4746385859103 8.0
1071.2063148002826 8.0
1072.615020237007 8.0
1073.0483540135474 8.0
1082.4931155792365 8.0
1097.2379484219473 8.0
1104.33581394366 8.0
1107.4140257522313 8.0
1111.5482057557222 6.0
1115.970094558244 8.0
1116.6789619318567 8.0
1120.1918659998623 8.0
1123.8816832262635 8.0
1124.4275975135447 8.0
1128.348223163094 8.0
1129.0998383315223 8.0
1131.0702043533868 8.0
1132.9529425045691 8.0
1137.6842581147123 8.0
1141.1476198200376 8.0
1144.5966115764857 8.0
1146.252403214214 8.0
1147.5443815405729 8.0
1151.9281557689408 8.0
1152.2440368010136 8.0
1155.3527981088025 8.0
1157.364152935268 8.0
1164.042552749023 8.0
1164.6804629864155 8.0
1165.846667956657 8.0
1167.9260775118967 8.0
1169.7160502325282 8.0
1169.9256777276244 6.0
1171.0545866966988 8.0
1172.4048801595702 8.0
1176.793154929272 8.0
1177.749570654317 8.0
1179.450961163137 8.0
1183.5324534962956 8.0
1192.4938585019638 8.0
1198.4592882430247 8.0
1200.0481986522282 8.0
1203.6748017691998 8.0
1204.5457571742872 8.0
1216.052712421695 8.0
1216.3690713228514 8.0
1221.8157245744223 8.0
1222.8213696153914 8.0
1224.4471935173365 8.0
1229.4371053387774 8.0
1230.1988179020254 8.0
1233.5388228214185 8.0
1233.7126082456095 8.0
1236.1416662541199 8.0
1236.9496542688216 8.0
1237.576968231925 8.0
1247.3022955642168 8.0
1249.8705665669265 8.0
1250.1044004192843 8.0
1250.4642567670078 8.0
1252.9352104953582 8.0
1258.1897632358287 8.0
1264.0689550901113 8.0
1265.8547316572676 6.0
1266.8756261199892 8.0
1273.8375422109632 8.0
1283.457398811709 8.0
1287.675893215074 8.0
1293.0145996630379 8.0
1298.5464660556938 8.0
1304.1333611048829 8.0
1307.4738439549415 8.0
1314.0331762684064 8.0
1314.0440645476112 8.0
1314.3767265609797 8.0
1316.0131801317696 8.0
1318.611986179859 8.0
1332.7811332605763 8.0
1338.796051140475 8.0
1347.786385783996 8.0
1348.2747690255571 8.0
1350.4159788577824 8.0
1353.5536064799662 8.0
1361.3930890187726 8.0
1365.1290626735479 8.0
1366.2177454939556 8.0
1376.4103379886903 8.0
1377.1177744099962 8.0
1378.8573876187506 8.0
1381.552737161927 8.0
1382.6697194726928 8.0
1386.0531142993589 8.0
1390.4494297207746 8.0
1394.517915610288 8.0
1395.0019263670274 6.0
1398.8117535940878 8.0
1399.7587406758878 8.0
1402.1194343543998 8.0
1405.86309299677 8.0
1410.3970713094086 8.0
1410.896794460507 8.0
1415.9843680184606 8.0
1425.7770463736517 8.0
1428.9269403410774 8.0
1435.3824969481086 8.0
1436.8814258818097 8.0
1440.1575078435174 8.0
1443.4666054518095 8.0
1445.2525071733485 8.0
1450.3928677936942 8.0
1453.1725865713006 8.0
1454.6624853988253 8.0
1456.8287980442708 8.0
1457.0149139718133 8.0
1457.6943130194884 8.0
1457.7182777031576 8.0
1459.2458507141653 6.0
1464.2761800895632 8.0
1467.708254345544 8.0
1468.9759965724725 8.0
1470.6210216577936 8.0
1472.2487384958758 8.0
1477.9837376661487 8.0
1481.640182403098 8.0
1484.0307188456768 8.0
1488.5521729580541 8.0
1492.2289219814277 8.0
1495.282017661441 8.0
1500.795429197516 6.0
1503.028236509235 8.0
1506.632997404509 8.0
1509.7359488148065 8.0
1512.762354101156 8.0
1522.6026185385713 8.0
1525.3723950738088 8.0
1525.7670222003003 6.0
1530.0657530798878 8.0
1531.4388012317165 8.0
1544.1170660850375 8.0
1544.7730308251982 8.0
1547.6321739382922 8.0
1553.2446478501115 6.0
1565.0762597140638 8.0
1568.1947120048048 8.0
1571.786525118291 8.0
1572.495361944197 8.0
1574.3892364771639 8.0
1576.1006157668614 8.0
1577.7797457130832 8.0
1579.148418008341 8.0
1579.5391421527138 8.0
1583.5518510393347 8.0
1585.336240008236 8.0
1587.4175894347322 8.0
1591.8437454795042 8.0
1599.9745159324368 8.0
1600.77005902887 8.0
1602.7055387137036 8.0
1604.2734501233965 8.0
1607.2642194808827 8.0
1608.0650656750063 8.0
1608.612081009835 8.0
1610.23577318205 8.0
1611.7213369965527 8.0
1614.618764813882 8.0
1615.2034788327696 8.0
1619.55933360168 6.0
1627.1407855929149 8.0
1631.3109925598874 8.0
1637.5033049909357 8.0
1645.1761431018513 8.0
1651.9259816453011 8.0
