0.0 5.0
107.7931661923009 5.0
112.25127243405892 9.0
143.01411589477345 5.0
227.48532103924032 5.0
313.4062065786276 9.0
336.87284413451187 5.0
356.97529707853863 5.0
357.8353006257817 5.0
452.8010715547507 5.0
505.5851875952092 5.0
569.7020154237292 5.0
706.572380723927 5.0
743.7276260933658 5.0
752.5573384477495 5.0
813.9862312905103 5.0
835.0408513574087 5.0
862.4476071651206 5.0
868.8362847888928 5.0
899.1197118489554 5.0
931.4808986463081 9.0
1065.4742653984222 9.0
1109.5856517631757 5.0
1121.2247895111534 9.0
1160.7681979591684 5.0
1177.469745859012 5.0
1205.22833912875 5.0
1385.932969074101 5.0
1441.9467586175556 5.0
1443.4424716065687 9.0
1454.3391766653517 5.0
1478.0939831011415 5.0
1540.3411867990678 9.0
1556.8152990470305 5.0
1691.6207440577232 5.0
1692.997018688355 5.0
1711.0860305968286 5.0
1913.811862694813 9.0
1930.8274935753739 5.0
2003.9928770605088 5.0
2038.8147430977103 9.0
2051.472484326394 5.0
2253.635871541334 9.0
2258.1404078393653 5.0
2283.141500768406 5.0
2349.9582180969346 9.0
2417.9405101454663 9.0
2464.1507954845615 9.0
2478.4575739901516 5.0
2561.7793701247233 5.0
2596.9354430676062 5.0
2674.780266265746 5.0
2960.2539633214014 5.0
3035.5265244516195 5.0
3093.949237589522 9.0
3148.3118158539205 5.0
3159.6109260587223 5.0
3195.0297531914534 5.0
3218.4999247519086 5.0
3249.193059562523 5.0
3284.1749110916226 5.0
3417.931831779056 5.0
3447.317957362483 5.0
3470.6633493656677 5.0
3496.771524619246 5.0
3562.9557576918833 9.0
3588.3518563530492 9.0
3627.6393902647937 5.0
3635.9967503924636 9.0
3689.0863978968673 5.0
3752.3085099472364 5.0
3816.5064277727465 5.0
3842.212681836395 9.0
3868.870299274089 5.0
3896.6692441014825 5.0
3961.6271868668837 9.0
3973.79562616619 5.0
4031.3123606924496 5.0
4035.401394602297 5.0
4197.98672908117 5.0
4201.225315003098 5.0
4281.498657531359 9.0
4292.907203276541 5.0
4302.039173009017 5.0
4305.652850795331 9.0
4309.53073472192 5.0
4380.644234639977 5.0
4471.377536884708 5.0
4472.9707741186485 5.0
4489.421468030434 5.0
4510.833411917377 5.0
4559.629398815845 9.0
4576.862357183218 5.0
4648.851026473631 5.0
4695.821154291511 5.0
4731.561484263872 5.0
4733.973260280988 5.0
4770.996740570043 9.0
4829.6783705940215 5.0
4869.310893073816 5.0
