0 3.0
0 5.0
8.0 3.0
8.0 5.0
16.0 3.0
16.0 5.0
24.0 3.0
24.0 5.0
32.0 3.0
32.0 5.0
40.0 3.0
40.0 5.0
48.0 3.0
48.0 5.0
56.0 3.0
56.0 5.0
64.0 3.0
64.0 5.0
72.0 3.0
72.0 5.0
80.0 3.0
80.0 5.0
88.0 3.0
88.0 5.0
96.0 3.0
96.0 5.0
104.0 3.0
104.0 5.0
112.0 3.0
112.0 5.0
120.0 3.0
120.0 5.0
128.0 3.0
128.0 5.0
136.0 3.0
136.0 5.0
144.0 3.0
144.0 5.0
152.0 3.0
152.0 5.0
160.0 3.0
160.0 5.0
168.0 3.0
168.0 5.0
176.0 3.0
176.0 5.0
184.0 3.0
184.0 5.0
192.0 3.0
192.0 5.0
200.0 3.0
200.0 5.0
208.0 3.0
208.0 5.0
216.0 3.0
216.0 5.0
224.0 3.0
224.0 5.0
232.0 3.0
232.0 5.0
240.0 3.0
240.0 5.0
248.0 3.0
248.0 5.0
256.0 3.0
256.0 5.0
264.0 3.0
264.0 5.0
272.0 3.0
272.0 5.0
280.0 3.0
280.0 5.0
288.0 3.0
288.0 5.0
296.0 3.0
296.0 5.0
304.0 3.0
304.0 5.0
312.0 3.0
312.0 5.0
320.0 3.0
320.0 5.0
328.0 3.0
328.0 5.0
336.0 3.0
336.0 5.0
344.0 3.0
344.0 5.0
352.0 3.0
352.0 5.0
360.0 3.0
360.0 5.0
368.0 3.0
368.0 5.0
376.0 3.0
376.0 5.0
384.0 3.0
384.0 5.0
392.0 3.0
392.0 5.0
