0 15.0
0 28.0
43.0 15.0
43.0 28.0
86.0 15.0
86.0 28.0
129.0 15.0
129.0 28.0
172.0 15.0
172.0 28.0
215.0 15.0
215.0 28.0
258.0 15.0
258.0 28.0
301.0 15.0
301.0 28.0
344.0 15.0
344.0 28.0
387.0 15.0
387.0 28.0
430.0 15.0
430.0 28.0
473.0 15.0
473.0 28.0
516.0 15.0
516.0 28.0
559.0 15.0
559.0 28.0
602.0 15.0
602.0 28.0
645.0 15.0
645.0 28.0
688.0 15.0
688.0 28.0
731.0 15.0
731.0 28.0
774.0 15.0
774.0 28.0
817.0 15.0
817.0 28.0
860.0 15.0
860.0 28.0
903.0 15.0
903.0 28.0
946.0 15.0
946.0 28.0
989.0 15.0
989.0 28.0
1032.0 15.0
1032.0 28.0
1075.0 15.0
1075.0 28.0
1118.0 15.0
1118.0 28.0
1161.0 15.0
1161.0 28.0
1204.0 15.0
1204.0 28.0
1247.0 15.0
1247.0 28.0
1290.0 15.0
1290.0 28.0
1333.0 15.0
1333.0 28.0
1376.0 15.0
1376.0 28.0
1419.0 15.0
1419.0 28.0
1462.0 15.0
1462.0 28.0
1505.0 15.0
1505.0 28.0
1548.0 15.0
1548.0 28.0
1591.0 15.0
1591.0 28.0
1634.0 15.0
1634.0 28.0
1677.0 15.0
1677.0 28.0
1720.0 15.0
1720.0 28.0
1763.0 15.0
1763.0 28.0
1806.0 15.0
1806.0 28.0
1849.0 15.0
1849.0 28.0
1892.0 15.0
1892.0 28.0
1935.0 15.0
1935.0 28.0
1978.0 15.0
1978.0 28.0
2021.0 15.0
2021.0 28.0
2064.0 15.0
2064.0 28.0
2107.0 15.0
2107.0 28.0
