0.0 141.0
16.93849485108472 141.0
45.78062352317076 141.0
50.82622712118711 47.0
69.76455952119375 47.0
74.90627645613763 47.0
88.79577556681998 141.0
176.4162869706306 47.0
211.02225182430806 47.0
218.36928901793942 141.0
221.4748893685853 141.0
224.95552073329642 141.0
232.41447556298058 141.0
235.03271549916013 47.0
261.7877686882849 141.0
276.22839229785507 47.0
276.4069870273731 141.0
284.0071436754016 141.0
328.88530303476693 141.0
349.9796149560071 141.0
400.89158658432507 141.0
440.2495270581027 141.0
445.4516506850723 141.0
491.4785493815819 47.0
512.2116129570828 141.0
555.8407514992723 47.0
563.2461921674399 141.0
580.4971946177263 141.0
706.5204136495462 141.0
720.5730313663208 141.0
777.5158305965005 47.0
814.7513140667481 47.0
817.1562208311302 141.0
827.0041329168121 141.0
848.345883438167 141.0
851.8751112428602 47.0
875.860146680226 141.0
890.4748492271217 141.0
929.9153101102122 141.0
942.7244822262857 141.0
977.4759039597305 141.0
1047.6398775704586 47.0
1061.1546749290203 141.0
1070.210930981849 141.0
1075.0853857820234 141.0
1112.1102937832743 141.0
1143.8537071332846 141.0
1160.941107500162 141.0
1161.975044067282 141.0
1184.936538771397 141.0
1185.8120111653627 141.0
1251.1155938970926 141.0
1265.1619599985725 47.0
1284.0350845372866 141.0
1351.593075609987 47.0
1385.6926492283064 141.0
1400.993637808682 141.0
1407.4357112691905 141.0
1418.2742082683133 47.0
1440.719958815346 141.0
1449.4288813543753 47.0
1476.2967069555934 141.0
1530.1916862479113 47.0
1531.410195590744 141.0
1533.6765024258145 47.0
1544.2244340618654 141.0
1546.8341505221933 47.0
1552.5454158092555 141.0
1553.0914550060486 47.0
1569.9242342965838 141.0
1585.9502579991279 47.0
1609.1265087339505 141.0
1610.7963368326753 141.0
1659.8499369319102 141.0
1670.3399061505775 47.0
1758.2761581569905 141.0
1781.1133544854704 141.0
1806.2020011773197 141.0
1812.1387050616763 47.0
1813.0032044783543 47.0
1833.189673020344 47.0
1846.5760890665706 141.0
1859.8259719134294 141.0
1867.220551379666 141.0
1867.5758447362434 141.0
1887.8253578087388 141.0
1902.2998343988302 141.0
1924.9406640773382 47.0
1935.8523677740664 141.0
1961.9201688162154 141.0
1984.0122652095479 141.0
1984.2389337788088 141.0
1989.7391363333306 141.0
1991.1784686284777 47.0
2094.2525186491857 141.0
2131.1795955612865 141.0
2153.5315708117114 141.0
2176.3868403547835 47.0
2188.023047400439 141.0
2201.476091700286 47.0
2202.7107576447434 47.0
2239.348659978766 47.0
2254.2145130394615 47.0
2259.6555312998375 47.0
2270.570376918614 47.0
2289.8656491118477 141.0
2302.689189004667 47.0
2339.551452339048 47.0
2390.6430404398943 141.0
2394.393022123253 47.0
2438.4860859028854 141.0
2488.704426332678 47.0
2526.1343873706014 141.0
2541.364626811644 141.0
2559.8562128508943 141.0
2591.0107756583993 141.0
2630.3824765985346 47.0
2679.1591545716537 141.0
2683.036859205213 47.0
2699.1289017517583 141.0
2717.4713155214376 47.0
2753.134496901188 47.0
2786.120374607855 47.0
2792.191009244571 47.0
2818.4762623141187 141.0
2823.702525625396 47.0
2889.12010351246 141.0
2898.6945062731775 141.0
2921.4087899564256 47.0
2939.834208597492 141.0
2945.11347968493 47.0
2946.734424566957 141.0
2985.7855548656003 141.0
2995.440113624377 141.0
3002.551287136515 141.0
3020.868249244204 141.0
3037.1183822195867 141.0
3037.776593950422 141.0
3062.388775653773 141.0
3067.0983790568994 141.0
3073.612048385056 47.0
3099.418229294633 141.0
3115.543907410871 141.0
3150.428763856039 141.0
3162.8393920914555 141.0
3166.6526314225293 141.0
3166.9250900693823 141.0
3181.3304336678766 141.0
3185.8408231205335 141.0
3186.7226295608425 141.0
3187.5815575303805 141.0
3188.754833649211 141.0
3244.8709137745004 141.0
3259.734500110372 141.0
3263.6854914707656 141.0
3269.0217649658184 47.0
3269.902178785534 141.0
3282.3509514928733 47.0
3299.741229290075 141.0
3323.281163734286 141.0
3339.2911003925956 141.0
3390.991311884013 47.0
3405.9973182126773 141.0
3409.347931332333 141.0
3451.6063631457 141.0
3497.2204510325423 47.0
3526.1618978859346 141.0
3529.237423172125 47.0
3557.512257022034 47.0
3602.224372447309 47.0
3608.7981125885312 141.0
3611.7878790193604 141.0
3632.170696621689 47.0
3647.986212757906 47.0
3669.9725764158397 141.0
3683.2061052575045 141.0
3695.7472736050104 141.0
3707.684257174278 141.0
3738.594220198575 141.0
3751.156161142835 47.0
3770.8607964828266 141.0
3838.666459515485 47.0
3847.6452763628745 141.0
3861.262146160344 47.0
3861.779144772995 47.0
3900.3504593078655 47.0
3934.978502958775 141.0
3944.3148082689195 141.0
3953.4425219096024 47.0
3962.310704364358 141.0
3994.217808175782 47.0
4020.521625012059 47.0
4049.9603786601306 141.0
4074.806434277595 141.0
4101.983358885523 141.0
4126.448764504794 141.0
4140.221791669792 141.0
4142.660582644406 141.0
4151.077793590868 47.0
4161.80488468777 141.0
4166.977150864314 141.0
4170.066389309199 141.0
4184.272229454022 47.0
4203.350347448545 141.0
4215.672826779221 47.0
4256.5072926402 47.0
4346.636599180474 47.0
4358.016829563854 141.0
4358.359764588226 141.0
4376.207973616493 141.0
4391.69011895469 141.0
4395.201576260989 141.0
4418.454354748391 141.0
4435.971035169652 47.0
4441.822807764114 141.0
4442.484033895211 141.0
4453.775439840398 141.0
4474.745455470113 141.0
4481.204639799456 47.0
4482.947925729524 141.0
4510.779663026843 47.0
4524.885671054696 141.0
4576.788661268911 47.0
4593.708596069744 141.0
4630.549458486472 141.0
4639.129838392599 141.0
4652.362646482347 47.0
4657.37374527247 141.0
4690.722461935563 141.0
4725.244519077414 47.0
4747.494436102263 141.0
4753.602362913394 141.0
4770.847615070067 141.0
4779.138423504552 47.0
4790.438061811746 47.0
4803.874889522409 47.0
4828.70115421958 141.0
4831.347677412238 47.0
4849.752125054238 47.0
4860.9475080147195 141.0
4871.559672082453 141.0
4913.776885350231 141.0
4925.303100099656 47.0
4947.395977718365 47.0
4962.7473818151475 141.0
4974.051288274307 141.0
4995.752110158515 141.0
5030.381219339047 47.0
5037.793610421397 141.0
5046.464519095164 141.0
5086.374801638488 141.0
5106.585137324426 47.0
5116.167487961575 141.0
5120.708105776366 47.0
5135.856703473967 47.0
5182.007819957825 141.0
5209.107369511569 141.0
5266.77430212572 141.0
5277.856526199476 141.0
5281.508868087409 47.0
5307.869531083771 141.0
5308.692836827594 47.0
5312.50098779563 141.0
5362.950748178018 141.0
5406.886102827231 141.0
5412.84583894295 141.0
5421.084208012691 47.0
5438.878994513944 141.0
5480.672783955785 141.0
5494.092072258237 141.0
5495.731438398311 47.0
5515.875572793376 141.0
5530.545296547282 47.0
5543.275818071344 141.0
5550.8580767167405 47.0
5662.492555212759 141.0
5691.49319435869 47.0
5736.917628760784 47.0
5740.92072302738 141.0
5758.258527204936 47.0
5758.809860725134 141.0
5775.688132289084 47.0
5792.183930409728 141.0
5810.47518759259 47.0
5817.788810928441 141.0
5817.817505704339 47.0
5837.384156385002 141.0
5962.6125918867565 141.0
5998.270690602075 141.0
6005.721926327692 141.0
6016.635756481929 141.0
6032.145470490859 141.0
6091.186694184741 141.0
6101.2358631346315 141.0
6118.032972303037 47.0
6119.942309964143 141.0
6143.987902083963 141.0
6148.242442629834 141.0
6154.284866024266 141.0
6190.748633008158 141.0
6233.778576620699 141.0
6250.905965641551 141.0
6253.277414429972 47.0
6266.939646297555 141.0
6296.286452773565 141.0
6317.960381117516 47.0
6318.202842920889 141.0
6340.466398270588 141.0
6348.4272443228465 141.0
6378.872375655678 47.0
6423.739385405179 47.0
6431.536191289427 47.0
6457.741057328334 47.0
6515.304085824397 47.0
6549.609388100531 141.0
6570.03052633091 141.0
6576.380241484596 141.0
6577.867022828762 141.0
6615.951562739767 47.0
6658.05340677492 141.0
6664.898682843698 141.0
6668.335002342753 47.0
6673.224736291932 141.0
6689.133400768779 141.0
6696.288498345556 141.0
6719.686122029747 141.0
6736.419010804448 47.0
6765.848595994018 141.0
6767.8383055532795 141.0
6788.909286226987 47.0
6804.806875244413 141.0
6835.394086535736 141.0
6931.854838377129 141.0
6950.823475795938 141.0
6951.885084724424 47.0
6964.370466206833 141.0
6970.58798574782 47.0
7002.212735696097 141.0
7012.577864151214 47.0
7012.762805046841 47.0
7013.022837844778 141.0
7026.163901659633 141.0
7034.537316285811 141.0
7038.458769510475 141.0
7067.671508282839 141.0
7088.592062730149 47.0
7132.294148314336 141.0
7163.022375748423 47.0
7194.007931651258 141.0
7209.783359228265 47.0
7210.149442592196 141.0
7234.748677870898 47.0
7266.080900337676 141.0
7272.563154068508 47.0
7277.585088063902 141.0
7278.4012682351195 141.0
7336.374257508895 141.0
7353.072315911171 47.0
7360.799185188853 47.0
7392.858416598019 141.0
7430.18092817491 141.0
7452.749474164879 141.0
7492.730612746778 47.0
7520.642851692486 141.0
7563.107619082521 141.0
7568.045959126809 47.0
7585.829922295292 141.0
7593.498078592155 47.0
7606.757551602808 47.0
7610.123302168145 141.0
7631.742061991118 141.0
7636.853158218943 47.0
7664.164492395513 141.0
7678.945147513034 141.0
7709.344179902521 141.0
7717.326800585689 141.0
7740.765278384411 47.0
7764.241201650625 141.0
7801.123206053607 141.0
7810.748337527267 141.0
7847.534555999385 141.0
7877.281781144287 141.0
7881.7161219555155 141.0
7883.9585101094335 47.0
7886.489365002495 47.0
7921.082658232661 47.0
7925.243070023823 141.0
7927.412047197994 141.0
7930.521861165869 141.0
7949.600396061864 141.0
7955.221874633936 141.0
7973.285137537579 47.0
8008.708961684505 47.0
8016.038985463278 141.0
8031.22587070913 47.0
8041.886379127353 141.0
8058.9943673702 141.0
8065.64519099552 47.0
8069.252161829262 47.0
8106.451804974991 141.0
8134.968607477326 47.0
8194.806212257836 141.0
8220.064420126704 47.0
8246.47462795635 47.0
8264.72892832092 141.0
8265.338863709083 47.0
8287.296261986166 141.0
8312.21880737878 47.0
8365.41524625758 141.0
8411.501537888837 47.0
8426.999119981761 141.0
8439.09340320581 47.0
8476.724110091445 141.0
8481.301694102618 141.0
8505.604208789802 47.0
8542.10422546591 47.0
8554.82754251989 141.0
8577.590758186252 141.0
8612.816736321804 47.0
8641.729422768103 141.0
8700.679946276203 47.0
8724.003018793772 47.0
8733.666875627325 141.0
8735.9751283162 141.0
8740.448483317441 47.0
8756.808476401975 141.0
8777.361708977054 141.0
8827.895508557276 141.0
8872.960473330751 47.0
8874.015110203813 47.0
8946.27475838797 47.0
8952.198151948885 141.0
8953.512445698869 47.0
8965.071567655083 47.0
8965.681188880639 47.0
8984.714509160636 141.0
9027.084349093811 47.0
9028.69569743189 141.0
9028.836416139695 47.0
9039.17746314147 141.0
9077.111992082277 141.0
9085.02839170025 141.0
9097.914802854626 47.0
9103.510923361566 47.0
9107.290002890508 141.0
9117.242299043646 141.0
9188.703114207354 141.0
9190.60270371904 141.0
9207.142182327274 47.0
9220.871665696593 47.0
9246.854204060875 47.0
9248.113660793748 141.0
9253.16203646114 141.0
9259.22764615982 141.0
9311.746794895134 141.0
9336.721876151065 141.0
9342.874920047241 47.0
9355.910232504822 141.0
9363.794804440819 47.0
9388.403393229582 141.0
9411.434742025958 141.0
9430.26061852625 141.0
9431.685987271463 47.0
9434.06487138403 47.0
9459.438761698275 141.0
9468.584406936086 141.0
9480.694707490647 141.0
9492.379928105229 47.0
9492.494688302151 47.0
9507.6746956352 47.0
9553.71837092334 141.0
9555.01105675579 47.0
9602.34541056334 47.0
9631.436106525845 141.0
9642.994276719492 141.0
9661.712303655524 141.0
9762.781934525212 141.0
9782.56810439915 141.0
9797.795619601455 141.0
9814.808101062536 141.0
9823.522158297617 47.0
9839.189589667792 141.0
9842.26255374073 141.0
9845.014773332898 141.0
9851.877545187677 47.0
9853.458731018563 141.0
9872.01437297208 141.0
9876.243776710919 47.0
9878.53521875452 141.0
9888.653926601499 141.0
9896.440455614962 141.0
9913.119639080622 47.0
9923.848200040358 47.0
9933.890774124093 47.0
9946.126780885505 141.0
10022.344887766421 141.0
10045.996159050545 47.0
10074.918997302702 141.0
10076.426128749343 141.0
10086.686983892298 141.0
