0 15.0
0 28.0
43.0 15.0
43.0 28.0
86.0 15.0
86.0 28.0
129.0 15.0
129.0 28.0
172.0 15.0
172.0 28.0
215.0 15.0
215.0 28.0
258.0 15.0
258.0 28.0
301.0 15.0
301.0 28.0
344.0 15.0
344.0 28.0
387.0 15.0
387.0 28.0
430.0 15.0
430.0 28.0
473.0 15.0
473.0 28.0
516.0 15.0
516.0 28.0
559.0 15.0
559.0 28.0
602.0 15.0
602.0 28.0
645.0 15.0
645.0 28.0
688.0 15.0
688.0 28.0
731.0 15.0
731.0 28.0
774.0 15.0
774.0 28.0
817.0 15.0
817.0 28.0
860.0 15.0
860.0 28.0
903.0 15.0
903.0 28.0
946.0 15.0
946.0 28.0
989.0 15.0
989.0 28.0
1032.0 15.0
1032.0 28.0
1075.0 15.0
1075.0 28.0
1118.0 15.0
1118.0 28.0
1161.0 15.0
1161.0 28.0
1204.0 15.0
1204.0 28.0
1247.0 15.0
1247.0 28.0
1290.0 15.0
1290.0 28.0
1333.0 15.0
1333.0 28.0
1376.0 15.0
1376.0 28.0
1419.0 15.0
1419.0 28.0
1462.0 15.0
1462.0 28.0
1505.0 15.0
1505.0 28.0
1548.0 15.0
1548.0 28.0
1591.0 15.0
1591.0 28.0
1634.0 15.0
1634.0 28.0
1677.0 15.0
1677.0 28.0
1720.0 15.0
1720.0 28.0
1763.0 15.0
1763.0 28.0
1806.0 15.0
1806.0 28.0
1849.0 15.0
1849.0 28.0
1892.0 15.0
1892.0 28.0
1935.0 15.0
1935.0 28.0
1978.0 15.0
1978.0 28.0
2021.0 15.0
2021.0 28.0
2064.0 15.0
2064.0 28.0
2107.0 15.0
2107.0 28.0
2150.0 15.0
2150.0 28.0
2193.0 15.0
2193.0 28.0
2236.0 15.0
2236.0 28.0
2279.0 15.0
2279.0 28.0
2322.0 15.0
2322.0 28.0
2365.0 15.0
2365.0 28.0
2408.0 15.0
2408.0 28.0
2451.0 15.0
2451.0 28.0
2494.0 15.0
2494.0 28.0
2537.0 15.0
2537.0 28.0
2580.0 15.0
2580.0 28.0
2623.0 15.0
2623.0 28.0
2666.0 15.0
2666.0 28.0
2709.0 15.0
2709.0 28.0
2752.0 15.0
2752.0 28.0
2795.0 15.0
2795.0 28.0
2838.0 15.0
2838.0 28.0
2881.0 15.0
2881.0 28.0
2924.0 15.0
2924.0 28.0
2967.0 15.0
2967.0 28.0
3010.0 15.0
3010.0 28.0
3053.0 15.0
3053.0 28.0
3096.0 15.0
3096.0 28.0
3139.0 15.0
3139.0 28.0
3182.0 15.0
3182.0 28.0
3225.0 15.0
3225.0 28.0
3268.0 15.0
3268.0 28.0
3311.0 15.0
3311.0 28.0
3354.0 15.0
3354.0 28.0
3397.0 15.0
3397.0 28.0
3440.0 15.0
3440.0 28.0
3483.0 15.0
3483.0 28.0
3526.0 15.0
3526.0 28.0
3569.0 15.0
3569.0 28.0
3612.0 15.0
3612.0 28.0
3655.0 15.0
3655.0 28.0
3698.0 15.0
3698.0 28.0
3741.0 15.0
3741.0 28.0
3784.0 15.0
3784.0 28.0
3827.0 15.0
3827.0 28.0
3870.0 15.0
3870.0 28.0
3913.0 15.0
3913.0 28.0
3956.0 15.0
3956.0 28.0
3999.0 15.0
3999.0 28.0
4042.0 15.0
4042.0 28.0
4085.0 15.0
4085.0 28.0
4128.0 15.0
4128.0 28.0
4171.0 15.0
4171.0 28.0
4214.0 15.0
4214.0 28.0
4257.0 15.0
4257.0 28.0
4300.0 15.0
4300.0 28.0
4343.0 15.0
4343.0 28.0
4386.0 15.0
4386.0 28.0
4429.0 15.0
4429.0 28.0
4472.0 15.0
4472.0 28.0
4515.0 15.0
4515.0 28.0
4558.0 15.0
4558.0 28.0
4601.0 15.0
4601.0 28.0
4644.0 15.0
4644.0 28.0
4687.0 15.0
4687.0 28.0
4730.0 15.0
4730.0 28.0
4773.0 15.0
4773.0 28.0
4816.0 15.0
4816.0 28.0
4859.0 15.0
4859.0 28.0
4902.0 15.0
4902.0 28.0
4945.0 15.0
4945.0 28.0
4988.0 15.0
4988.0 28.0
5031.0 15.0
5031.0 28.0
5074.0 15.0
5074.0 28.0
5117.0 15.0
5117.0 28.0
5160.0 15.0
5160.0 28.0
5203.0 15.0
5203.0 28.0
5246.0 15.0
5246.0 28.0
5289.0 15.0
5289.0 28.0
5332.0 15.0
5332.0 28.0
5375.0 15.0
5375.0 28.0
5418.0 15.0
5418.0 28.0
5461.0 15.0
5461.0 28.0
5504.0 15.0
5504.0 28.0
5547.0 15.0
5547.0 28.0
5590.0 15.0
5590.0 28.0
5633.0 15.0
5633.0 28.0
5676.0 15.0
5676.0 28.0
5719.0 15.0
5719.0 28.0
5762.0 15.0
5762.0 28.0
5805.0 15.0
5805.0 28.0
5848.0 15.0
5848.0 28.0
5891.0 15.0
5891.0 28.0
5934.0 15.0
5934.0 28.0
5977.0 15.0
5977.0 28.0
6020.0 15.0
6020.0 28.0
6063.0 15.0
6063.0 28.0
6106.0 15.0
6106.0 28.0
6149.0 15.0
6149.0 28.0
6192.0 15.0
6192.0 28.0
6235.0 15.0
6235.0 28.0
6278.0 15.0
6278.0 28.0
6321.0 15.0
6321.0 28.0
6364.0 15.0
6364.0 28.0
6407.0 15.0
6407.0 28.0
6450.0 15.0
6450.0 28.0
6493.0 15.0
6493.0 28.0
6536.0 15.0
6536.0 28.0
6579.0 15.0
6579.0 28.0
6622.0 15.0
6622.0 28.0
6665.0 15.0
6665.0 28.0
6708.0 15.0
6708.0 28.0
6751.0 15.0
6751.0 28.0
6794.0 15.0
6794.0 28.0
6837.0 15.0
6837.0 28.0
6880.0 15.0
6880.0 28.0
6923.0 15.0
6923.0 28.0
6966.0 15.0
6966.0 28.0
7009.0 15.0
7009.0 28.0
7052.0 15.0
7052.0 28.0
7095.0 15.0
7095.0 28.0
7138.0 15.0
7138.0 28.0
7181.0 15.0
7181.0 28.0
7224.0 15.0
7224.0 28.0
7267.0 15.0
7267.0 28.0
7310.0 15.0
7310.0 28.0
7353.0 15.0
7353.0 28.0
7396.0 15.0
7396.0 28.0
7439.0 15.0
7439.0 28.0
7482.0 15.0
7482.0 28.0
7525.0 15.0
7525.0 28.0
7568.0 15.0
7568.0 28.0
7611.0 15.0
7611.0 28.0
7654.0 15.0
7654.0 28.0
7697.0 15.0
7697.0 28.0
7740.0 15.0
7740.0 28.0
7783.0 15.0
7783.0 28.0
7826.0 15.0
7826.0 28.0
7869.0 15.0
7869.0 28.0
7912.0 15.0
7912.0 28.0
7955.0 15.0
7955.0 28.0
7998.0 15.0
7998.0 28.0
8041.0 15.0
8041.0 28.0
8084.0 15.0
8084.0 28.0
8127.0 15.0
8127.0 28.0
8170.0 15.0
8170.0 28.0
8213.0 15.0
8213.0 28.0
8256.0 15.0
8256.0 28.0
8299.0 15.0
8299.0 28.0
8342.0 15.0
8342.0 28.0
8385.0 15.0
8385.0 28.0
8428.0 15.0
8428.0 28.0
8471.0 15.0
8471.0 28.0
8514.0 15.0
8514.0 28.0
8557.0 15.0
8557.0 28.0
8600.0 15.0
8600.0 28.0
8643.0 15.0
8643.0 28.0
8686.0 15.0
8686.0 28.0
8729.0 15.0
8729.0 28.0
8772.0 15.0
8772.0 28.0
8815.0 15.0
8815.0 28.0
8858.0 15.0
8858.0 28.0
8901.0 15.0
8901.0 28.0
8944.0 15.0
8944.0 28.0
8987.0 15.0
8987.0 28.0
9030.0 15.0
9030.0 28.0
9073.0 15.0
9073.0 28.0
9116.0 15.0
9116.0 28.0
9159.0 15.0
9159.0 28.0
9202.0 15.0
9202.0 28.0
9245.0 15.0
9245.0 28.0
9288.0 15.0
9288.0 28.0
9331.0 15.0
9331.0 28.0
9374.0 15.0
9374.0 28.0
9417.0 15.0
9417.0 28.0
9460.0 15.0
9460.0 28.0
9503.0 15.0
9503.0 28.0
9546.0 15.0
9546.0 28.0
9589.0 15.0
9589.0 28.0
9632.0 15.0
9632.0 28.0
9675.0 15.0
9675.0 28.0
9718.0 15.0
9718.0 28.0
9761.0 15.0
9761.0 28.0
9804.0 15.0
9804.0 28.0
9847.0 15.0
9847.0 28.0
9890.0 15.0
9890.0 28.0
9933.0 15.0
9933.0 28.0
9976.0 15.0
9976.0 28.0
10019.0 15.0
10019.0 28.0
10062.0 15.0
10062.0 28.0
10105.0 15.0
10105.0 28.0
10148.0 15.0
10148.0 28.0
10191.0 15.0
10191.0 28.0
10234.0 15.0
10234.0 28.0
10277.0 15.0
10277.0 28.0
10320.0 15.0
10320.0 28.0
10363.0 15.0
10363.0 28.0
10406.0 15.0
10406.0 28.0
10449.0 15.0
10449.0 28.0
10492.0 15.0
10492.0 28.0
10535.0 15.0
10535.0 28.0
10578.0 15.0
10578.0 28.0
10621.0 15.0
10621.0 28.0
10664.0 15.0
10664.0 28.0
10707.0 15.0
10707.0 28.0
10750.0 15.0
10750.0 28.0
10793.0 15.0
10793.0 28.0
10836.0 15.0
10836.0 28.0
10879.0 15.0
10879.0 28.0
10922.0 15.0
10922.0 28.0
10965.0 15.0
10965.0 28.0
11008.0 15.0
11008.0 28.0
11051.0 15.0
11051.0 28.0
11094.0 15.0
11094.0 28.0
11137.0 15.0
11137.0 28.0
11180.0 15.0
11180.0 28.0
11223.0 15.0
11223.0 28.0
11266.0 15.0
11266.0 28.0
11309.0 15.0
11309.0 28.0
11352.0 15.0
11352.0 28.0
11395.0 15.0
11395.0 28.0
11438.0 15.0
11438.0 28.0
11481.0 15.0
11481.0 28.0
11524.0 15.0
11524.0 28.0
11567.0 15.0
11567.0 28.0
11610.0 15.0
11610.0 28.0
11653.0 15.0
11653.0 28.0
11696.0 15.0
11696.0 28.0
11739.0 15.0
11739.0 28.0
11782.0 15.0
11782.0 28.0
11825.0 15.0
11825.0 28.0
11868.0 15.0
11868.0 28.0
11911.0 15.0
11911.0 28.0
11954.0 15.0
11954.0 28.0
11997.0 15.0
11997.0 28.0
12040.0 15.0
12040.0 28.0
12083.0 15.0
12083.0 28.0
12126.0 15.0
12126.0 28.0
12169.0 15.0
12169.0 28.0
12212.0 15.0
12212.0 28.0
12255.0 15.0
12255.0 28.0
12298.0 15.0
12298.0 28.0
12341.0 15.0
12341.0 28.0
12384.0 15.0
12384.0 28.0
12427.0 15.0
12427.0 28.0
12470.0 15.0
12470.0 28.0
12513.0 15.0
12513.0 28.0
12556.0 15.0
12556.0 28.0
12599.0 15.0
12599.0 28.0
12642.0 15.0
12642.0 28.0
12685.0 15.0
12685.0 28.0
12728.0 15.0
12728.0 28.0
12771.0 15.0
12771.0 28.0
12814.0 15.0
12814.0 28.0
12857.0 15.0
12857.0 28.0
12900.0 15.0
12900.0 28.0
12943.0 15.0
12943.0 28.0
12986.0 15.0
12986.0 28.0
13029.0 15.0
13029.0 28.0
13072.0 15.0
13072.0 28.0
13115.0 15.0
13115.0 28.0
13158.0 15.0
13158.0 28.0
13201.0 15.0
13201.0 28.0
13244.0 15.0
13244.0 28.0
13287.0 15.0
13287.0 28.0
13330.0 15.0
13330.0 28.0
13373.0 15.0
13373.0 28.0
13416.0 15.0
13416.0 28.0
13459.0 15.0
13459.0 28.0
13502.0 15.0
13502.0 28.0
13545.0 15.0
13545.0 28.0
13588.0 15.0
13588.0 28.0
13631.0 15.0
13631.0 28.0
13674.0 15.0
13674.0 28.0
13717.0 15.0
13717.0 28.0
13760.0 15.0
13760.0 28.0
13803.0 15.0
13803.0 28.0
13846.0 15.0
13846.0 28.0
13889.0 15.0
13889.0 28.0
13932.0 15.0
13932.0 28.0
13975.0 15.0
13975.0 28.0
14018.0 15.0
14018.0 28.0
14061.0 15.0
14061.0 28.0
14104.0 15.0
14104.0 28.0
14147.0 15.0
14147.0 28.0
14190.0 15.0
14190.0 28.0
14233.0 15.0
14233.0 28.0
14276.0 15.0
14276.0 28.0
14319.0 15.0
14319.0 28.0
14362.0 15.0
14362.0 28.0
14405.0 15.0
14405.0 28.0
14448.0 15.0
14448.0 28.0
14491.0 15.0
14491.0 28.0
14534.0 15.0
14534.0 28.0
14577.0 15.0
14577.0 28.0
14620.0 15.0
14620.0 28.0
14663.0 15.0
14663.0 28.0
14706.0 15.0
14706.0 28.0
14749.0 15.0
14749.0 28.0
14792.0 15.0
14792.0 28.0
14835.0 15.0
14835.0 28.0
14878.0 15.0
14878.0 28.0
14921.0 15.0
14921.0 28.0
14964.0 15.0
14964.0 28.0
15007.0 15.0
15007.0 28.0
15050.0 15.0
15050.0 28.0
15093.0 15.0
15093.0 28.0
15136.0 15.0
15136.0 28.0
15179.0 15.0
15179.0 28.0
15222.0 15.0
15222.0 28.0
15265.0 15.0
15265.0 28.0
15308.0 15.0
15308.0 28.0
15351.0 15.0
15351.0 28.0
15394.0 15.0
15394.0 28.0
15437.0 15.0
15437.0 28.0
15480.0 15.0
15480.0 28.0
15523.0 15.0
15523.0 28.0
15566.0 15.0
15566.0 28.0
15609.0 15.0
15609.0 28.0
15652.0 15.0
15652.0 28.0
15695.0 15.0
15695.0 28.0
15738.0 15.0
15738.0 28.0
15781.0 15.0
15781.0 28.0
15824.0 15.0
15824.0 28.0
15867.0 15.0
15867.0 28.0
15910.0 15.0
15910.0 28.0
15953.0 15.0
15953.0 28.0
15996.0 15.0
15996.0 28.0
16039.0 15.0
16039.0 28.0
16082.0 15.0
16082.0 28.0
16125.0 15.0
16125.0 28.0
16168.0 15.0
16168.0 28.0
16211.0 15.0
16211.0 28.0
16254.0 15.0
16254.0 28.0
16297.0 15.0
16297.0 28.0
16340.0 15.0
16340.0 28.0
16383.0 15.0
16383.0 28.0
16426.0 15.0
16426.0 28.0
16469.0 15.0
16469.0 28.0
16512.0 15.0
16512.0 28.0
16555.0 15.0
16555.0 28.0
16598.0 15.0
16598.0 28.0
16641.0 15.0
16641.0 28.0
16684.0 15.0
16684.0 28.0
16727.0 15.0
16727.0 28.0
16770.0 15.0
16770.0 28.0
16813.0 15.0
16813.0 28.0
16856.0 15.0
16856.0 28.0
16899.0 15.0
16899.0 28.0
16942.0 15.0
16942.0 28.0
16985.0 15.0
16985.0 28.0
17028.0 15.0
17028.0 28.0
17071.0 15.0
17071.0 28.0
17114.0 15.0
17114.0 28.0
17157.0 15.0
17157.0 28.0
17200.0 15.0
17200.0 28.0
17243.0 15.0
17243.0 28.0
17286.0 15.0
17286.0 28.0
17329.0 15.0
17329.0 28.0
17372.0 15.0
17372.0 28.0
17415.0 15.0
17415.0 28.0
17458.0 15.0
17458.0 28.0
17501.0 15.0
17501.0 28.0
17544.0 15.0
17544.0 28.0
17587.0 15.0
17587.0 28.0
17630.0 15.0
17630.0 28.0
17673.0 15.0
17673.0 28.0
17716.0 15.0
17716.0 28.0
17759.0 15.0
17759.0 28.0
17802.0 15.0
17802.0 28.0
17845.0 15.0
17845.0 28.0
17888.0 15.0
17888.0 28.0
17931.0 15.0
17931.0 28.0
17974.0 15.0
17974.0 28.0
18017.0 15.0
18017.0 28.0
18060.0 15.0
18060.0 28.0
18103.0 15.0
18103.0 28.0
18146.0 15.0
18146.0 28.0
18189.0 15.0
18189.0 28.0
18232.0 15.0
18232.0 28.0
18275.0 15.0
18275.0 28.0
18318.0 15.0
18318.0 28.0
18361.0 15.0
18361.0 28.0
18404.0 15.0
18404.0 28.0
18447.0 15.0
18447.0 28.0
18490.0 15.0
18490.0 28.0
18533.0 15.0
18533.0 28.0
18576.0 15.0
18576.0 28.0
18619.0 15.0
18619.0 28.0
18662.0 15.0
18662.0 28.0
18705.0 15.0
18705.0 28.0
18748.0 15.0
18748.0 28.0
18791.0 15.0
18791.0 28.0
18834.0 15.0
18834.0 28.0
18877.0 15.0
18877.0 28.0
18920.0 15.0
18920.0 28.0
18963.0 15.0
18963.0 28.0
19006.0 15.0
19006.0 28.0
19049.0 15.0
19049.0 28.0
19092.0 15.0
19092.0 28.0
19135.0 15.0
19135.0 28.0
19178.0 15.0
19178.0 28.0
19221.0 15.0
19221.0 28.0
19264.0 15.0
19264.0 28.0
19307.0 15.0
19307.0 28.0
19350.0 15.0
19350.0 28.0
19393.0 15.0
19393.0 28.0
19436.0 15.0
19436.0 28.0
19479.0 15.0
19479.0 28.0
19522.0 15.0
19522.0 28.0
19565.0 15.0
19565.0 28.0
19608.0 15.0
19608.0 28.0
19651.0 15.0
19651.0 28.0
19694.0 15.0
19694.0 28.0
19737.0 15.0
19737.0 28.0
19780.0 15.0
19780.0 28.0
19823.0 15.0
19823.0 28.0
19866.0 15.0
19866.0 28.0
19909.0 15.0
19909.0 28.0
19952.0 15.0
19952.0 28.0
19995.0 15.0
19995.0 28.0
20038.0 15.0
20038.0 28.0
20081.0 15.0
20081.0 28.0
20124.0 15.0
20124.0 28.0
20167.0 15.0
20167.0 28.0
20210.0 15.0
20210.0 28.0
20253.0 15.0
20253.0 28.0
20296.0 15.0
20296.0 28.0
20339.0 15.0
20339.0 28.0
20382.0 15.0
20382.0 28.0
20425.0 15.0
20425.0 28.0
20468.0 15.0
20468.0 28.0
20511.0 15.0
20511.0 28.0
20554.0 15.0
20554.0 28.0
20597.0 15.0
20597.0 28.0
20640.0 15.0
20640.0 28.0
20683.0 15.0
20683.0 28.0
20726.0 15.0
20726.0 28.0
20769.0 15.0
20769.0 28.0
20812.0 15.0
20812.0 28.0
20855.0 15.0
20855.0 28.0
20898.0 15.0
20898.0 28.0
20941.0 15.0
20941.0 28.0
20984.0 15.0
20984.0 28.0
21027.0 15.0
21027.0 28.0
21070.0 15.0
21070.0 28.0
21113.0 15.0
21113.0 28.0
21156.0 15.0
21156.0 28.0
21199.0 15.0
21199.0 28.0
21242.0 15.0
21242.0 28.0
21285.0 15.0
21285.0 28.0
21328.0 15.0
21328.0 28.0
21371.0 15.0
21371.0 28.0
21414.0 15.0
21414.0 28.0
21457.0 15.0
21457.0 28.0
