0.0 7.0
1.7946698492053326 7.0
3.9254309420734654 7.0
13.174676302814532 7.0
15.069722974539546 3.0
38.20795461750832 7.0
41.62198440470404 7.0
42.938219486740735 7.0
45.87229124519187 7.0
53.9989094516999 7.0
55.93707617242058 7.0
84.13642005081874 3.0
97.78356155000785 7.0
99.21151735612573 3.0
104.42490541948335 3.0
109.21143929717998 3.0
113.10063698895709 7.0
113.30392176067795 7.0
114.10237269765595 7.0
114.7563948423612 3.0
115.97587831186851 7.0
119.07818144621446 7.0
120.4418661576497 7.0
130.05787563346092 7.0
136.31164938244163 7.0
136.74000791451815 7.0
141.21053524112824 7.0
142.0762493403656 7.0
161.6550761218521 7.0
164.29367662737675 7.0
166.74148594475076 7.0
177.496769463887 7.0
178.21951355866236 7.0
178.5273392384245 3.0
180.19554537942273 7.0
183.53365137328817 7.0
189.4405681642928 7.0
191.25086662503128 7.0
194.43658843886467 7.0
200.5286351047929 3.0
204.1209386303506 3.0
208.993676550426 7.0
215.6784363157729 7.0
216.40727805157863 7.0
217.93359817833638 7.0
219.5500607113601 7.0
230.8062208196332 7.0
235.739463554878 3.0
235.78060782427778 7.0
242.21322972624736 3.0
243.33181113144116 3.0
243.53093559850072 7.0
243.76682927410567 7.0
254.3518735041191 7.0
262.02649024969173 3.0
267.0507877535357 7.0
270.9032150638402 7.0
271.7300675444395 7.0
282.4091282012085 7.0
288.29446649505144 7.0
290.7412512560549 7.0
305.3381278477797 7.0
308.6987722646913 7.0
311.4424981883446 3.0
314.2972039514366 3.0
316.7506895669303 7.0
317.3259664679993 7.0
323.98368934312936 7.0
325.27450847289373 7.0
327.3186724102966 7.0
327.70646095904385 7.0
336.6587163216804 7.0
336.9586216605662 7.0
337.48669833076144 7.0
345.57704598845646 7.0
347.8296965148531 7.0
348.2190383047761 7.0
348.4587755298285 7.0
356.7562859052246 7.0
365.8493240066426 7.0
365.87126632042305 7.0
374.3053574846481 7.0
376.3920126027641 3.0
386.5226608662195 7.0
399.7269563497951 7.0
406.98218408095215 7.0
407.8993067775099 7.0
421.6969738925722 7.0
433.7232922955157 7.0
441.75487042884987 7.0
444.6624749646007 7.0
452.1891265485166 7.0
455.0894997749879 7.0
472.8050339366096 7.0
473.211119776747 7.0
479.96900724497686 7.0
482.9656460676098 7.0
490.83513951578277 7.0
494.6097782799544 7.0
499.7394437224756 7.0
513.4889856420803 3.0
519.3582863432885 7.0
519.6670824121346 3.0
526.0502952821467 7.0
526.5266443071943 7.0
530.790454098985 7.0
532.6237510734845 7.0
534.7985776328532 7.0
535.2810562101297 3.0
541.9520256609662 7.0
542.700393057916 7.0
543.7385688824272 7.0
544.2778254758038 7.0
549.0544313528023 7.0
552.9909086001239 7.0
557.3077954172253 7.0
563.6100878528049 3.0
568.4601650185546 7.0
571.4172265794873 7.0
577.6504892090088 7.0
578.3547106909008 7.0
581.9061910291414 3.0
586.4855750297517 3.0
598.4047434678632 3.0
600.7249132609005 7.0
607.2447648358936 7.0
612.9875453220395 3.0
620.2274925834279 3.0
623.1786516810088 3.0
625.7976075274588 7.0
632.0839388456109 7.0
634.7314779268058 7.0
642.6960743452689 7.0
646.5707762741839 7.0
654.7725530010143 7.0
655.1481517375438 7.0
664.1321731130766 7.0
671.5948796521042 7.0
675.1013155587913 3.0
679.5851344009129 7.0
679.8965211049544 3.0
690.9196960898145 7.0
691.2183717205141 7.0
693.4513261265195 7.0
693.8484868498846 7.0
695.9340690869643 7.0
705.0162809843617 3.0
706.3142102238222 7.0
709.487907764495 7.0
710.319083530104 7.0
716.1536509823446 7.0
720.0299163628368 7.0
722.7450011255086 7.0
722.9978966269496 7.0
730.4022349835335 7.0
731.9061103090677 3.0
736.3414210167249 7.0
758.3589533177391 3.0
758.3616340103275 7.0
765.4300382777329 7.0
770.2804480119173 7.0
770.8052005801521 7.0
780.1382237025992 7.0
784.0865474698812 7.0
784.7966869162049 7.0
785.6749154907451 7.0
788.8535143338809 3.0
792.2315804018848 3.0
792.2994240105663 7.0
793.1794428960632 3.0
794.5230576610107 7.0
796.4187287869735 7.0
798.9673560289369 3.0
803.672420855867 3.0
806.18912119221 7.0
828.0440213442113 7.0
829.0940277002086 3.0
836.960751675476 7.0
849.8029711575095 7.0
855.5625496753034 7.0
857.6062014347136 7.0
859.2437348041739 7.0
877.6276969304932 7.0
877.9176216772887 7.0
880.8090991949412 7.0
889.4043316420052 7.0
896.7562213450424 3.0
901.4592647730726 7.0
902.6313374692872 7.0
904.7103764356996 7.0
905.6547812005965 7.0
920.9801276295135 7.0
926.6429535913605 7.0
928.6661653799342 7.0
935.0251781968069 7.0
937.9157386214323 7.0
938.248564717946 7.0
939.5395798107231 7.0
948.5280682329362 7.0
948.6708476096555 3.0
960.3582545458781 7.0
966.9959902525842 7.0
968.1262618587962 3.0
969.8850117517111 7.0
975.8255474445907 7.0
977.570420492094 7.0
982.1924076632965 7.0
990.8210784109423 7.0
991.6721663833079 7.0
997.1092009915218 7.0
1014.1150488011451 7.0
1015.9535061794429 7.0
1020.3564447467205 7.0
1023.3006204934213 7.0
1024.5186020248575 7.0
1025.9075158589508 7.0
1043.7219623973363 3.0
1057.9391079840227 3.0
1059.2145636569217 7.0
1060.3239336325303 7.0
1060.747727276593 7.0
1061.0206441771331 7.0
1067.624601633293 3.0
1082.3595461771206 7.0
1104.9478667886958 7.0
1108.6231181736603 3.0
1110.1482478945873 7.0
1111.2988139724305 7.0
1115.1994893882845 7.0
1133.0055946487064 7.0
1136.1881555989162 3.0
1136.9650770416422 7.0
1138.117467311768 7.0
1138.611598123983 7.0
1140.2536129742884 7.0
1142.4431548355678 7.0
1143.2756639073787 7.0
1147.0329202723412 7.0
1148.602522587791 7.0
1150.628192822393 3.0
1151.8040880064693 7.0
1157.3982118777512 3.0
1163.1370664168421 3.0
1166.1733173486077 7.0
1166.3655839865373 7.0
1167.388562908672 3.0
1172.684597381341 7.0
1175.0122110874172 7.0
1175.2990721231074 3.0
1176.9712747892538 7.0
1177.8172292237066 7.0
1183.0593910281543 7.0
1183.7208565824137 7.0
1184.0008406556235 7.0
1188.6037927131879 7.0
1200.6263632455098 7.0
1212.2649332157146 7.0
1212.9513328303397 7.0
1219.7415874051921 7.0
1220.7439067890311 7.0
1226.0145652118583 3.0
1226.2427898628532 7.0
1236.8851678030956 7.0
1237.0865313536028 3.0
1245.9314888220179 7.0
1268.963596878502 7.0
1273.7645877465748 3.0
1275.3674431389315 7.0
1275.4180316277761 3.0
1278.7461019157267 7.0
1284.1196928194054 7.0
1284.2455642385833 7.0
1289.0756048095643 7.0
1293.6571966511212 7.0
1295.1209363147009 7.0
1297.5084437624835 7.0
1306.498406853066 7.0
1310.334337356657 7.0
1313.0855349873439 7.0
1314.2763021592086 7.0
1315.5629225100356 7.0
1317.9825310442593 7.0
1321.8060120894863 3.0
1321.9446038810659 3.0
1323.3546729363068 7.0
1323.7961705352732 7.0
1327.2649523018576 7.0
1331.1335974322267 7.0
1336.5745002913932 3.0
1341.1354519367471 3.0
1342.4043251812682 7.0
1351.1937704282996 7.0
1355.0998180781023 7.0
1362.8109255810884 3.0
1364.9107336288525 7.0
1376.2058782312674 7.0
1381.7059888773244 7.0
1383.3603054790979 3.0
1385.0631331799414 3.0
1386.1476864353167 3.0
1388.8736893100704 3.0
1400.7768025041983 7.0
1401.552848407214 7.0
1419.2612646900761 7.0
1420.181493298903 3.0
1421.5460852451217 3.0
1422.8148797598549 7.0
1430.276625556758 7.0
1432.1899924768306 7.0
1438.9045256196453 7.0
1441.5631199820018 3.0
1442.7953111810268 7.0
1454.8832053185927 3.0
1455.9457124274047 7.0
1463.9494463437402 7.0
1472.0070366272741 7.0
1472.7511020751144 3.0
1485.1919101158014 7.0
1485.9758844791727 7.0
1487.0597601382674 7.0
1495.6338223431078 7.0
1496.1076353441285 7.0
1497.2452420939042 7.0
1507.2846234257888 3.0
1509.5220149419297 7.0
1511.8585470106698 7.0
1515.5985601042858 3.0
1520.0654085095973 7.0
1520.0812214723583 7.0
1527.171455525452 7.0
1533.8952377594258 7.0
1539.1460652185165 7.0
1541.2301031458655 7.0
1551.1159899783763 7.0
1564.3229350208092 7.0
1566.671756773916 7.0
1568.5368622135127 7.0
1570.1193451496754 3.0
1578.9800417555762 7.0
1580.4559262707721 7.0
1591.8946791651033 7.0
1597.5168443969326 3.0
1604.5239629233386 7.0
1605.7605401643987 7.0
1608.4120247534474 3.0
1611.2287973521318 7.0
1612.762619164056 7.0
1624.105152446294 3.0
1628.2004729270948 3.0
1630.3819769658185 3.0
1641.2687943180078 7.0
1643.8620631765773 7.0
1651.7501871634129 3.0
1665.2896839104774 7.0
1666.6425616055615 7.0
1671.54541165861 7.0
1671.642399613677 7.0
1672.2883885136002 7.0
1681.3896209111367 7.0
1683.5792223133699 7.0
1691.9434681298612 7.0
1696.6078271543122 3.0
1703.5042080967028 3.0
1715.6470203641961 3.0
1721.197358828734 7.0
1728.038929855873 3.0
1729.626869609664 7.0
1732.559962665936 3.0
1747.292529777912 3.0
1751.7301203766865 3.0
1757.5717542445132 7.0
1758.4058087371186 7.0
1759.4314793564731 3.0
1768.0908668054872 7.0
1774.0938983918234 7.0
1777.679470345263 7.0
1779.5742105470626 3.0
1782.67919541612 7.0
1783.8723592246233 7.0
1803.363444014809 3.0
1806.959836805375 7.0
1816.3004530519215 3.0
1821.2248263554968 7.0
1822.9240369221318 7.0
1826.0116542361422 7.0
1827.8669640398973 7.0
1837.3774607048103 7.0
1863.0851517033857 7.0
1864.1923474074817 7.0
1866.84572181071 7.0
1872.0439491218256 7.0
1872.9993370261382 7.0
1884.4710788551763 7.0
1894.1002506504365 3.0
1894.98821567985 7.0
1895.8226552717394 7.0
1897.532040463156 3.0
1908.7797866234682 7.0
1917.20365771482 3.0
1921.2010443405436 7.0
1925.1132228698007 3.0
1926.9820914802294 7.0
1931.1614696322872 7.0
1934.2995651810188 7.0
1936.4456346813024 7.0
1939.089339880752 7.0
1941.084325277796 7.0
1943.4813088886233 7.0
1947.1274660680053 7.0
1951.8210713636297 7.0
1952.6687516342672 3.0
1960.414920845372 7.0
1960.7514857169213 7.0
1964.590873099888 7.0
1967.277766272384 7.0
1971.4582275084485 7.0
1979.5391086151315 7.0
1979.8915618031217 7.0
1982.6311145969316 7.0
1982.7178486638804 7.0
1983.1626637639847 7.0
1989.41023988789 3.0
2004.5338387340673 3.0
2019.8300955385826 7.0
2032.92378504447 7.0
2039.2596648805516 7.0
2042.7567897705126 7.0
2046.7400971502973 3.0
2048.6166252995954 3.0
2053.245025345337 7.0
2054.122149548705 7.0
2056.946253547834 7.0
2060.8760757478467 7.0
2062.1183748123494 7.0
2062.394296843138 7.0
2069.262788549105 7.0
2074.4290408454353 7.0
2079.6985049738814 7.0
2112.4210534747153 7.0
2114.6257925587806 7.0
2123.1019133094414 3.0
2125.548065093646 7.0
2133.2272011238238 3.0
2142.4496911769015 7.0
2144.105060572961 7.0
2149.435923901861 7.0
2158.8442743883893 7.0
2165.302828569307 7.0
2166.130703294242 7.0
2171.1640797692544 3.0
2171.7865729757946 7.0
2179.885626528775 7.0
2194.8320810886876 7.0
2194.84143856428 3.0
2196.0904342518356 7.0
2208.9309440328016 7.0
2211.6166052844355 7.0
2212.5181170777 7.0
2222.8185112594706 7.0
2227.2821147476984 3.0
2247.324290189253 3.0
2247.6429214434734 7.0
2255.4146301024 3.0
2258.8034715476538 7.0
2259.3917890234693 7.0
2261.2328512034214 7.0
2262.351924950994 7.0
2269.4373289891373 7.0
2292.7104516260606 3.0
2307.5152484763835 7.0
2309.3718866054496 7.0
2309.3913112063233 7.0
2310.4814888642763 7.0
2311.9300833645184 7.0
2314.2245364290247 3.0
2315.018568115064 7.0
2339.3617271440066 7.0
2343.1194643047183 7.0
2351.6127904017562 7.0
2357.9893619082377 7.0
2367.4945504858806 7.0
2372.444786838122 3.0
2373.2847666018133 7.0
2377.342506829549 7.0
2385.5265600725033 7.0
2391.7616615930974 7.0
2397.5353220718007 3.0
2404.3049969691992 7.0
2404.744781073287 7.0
2405.9372827577995 7.0
2412.822161017246 7.0
2424.843956472015 7.0
2425.04768260902 7.0
2426.444983866256 7.0
2437.2411853256576 7.0
2443.6708522005497 7.0
2448.485283123403 7.0
2449.9513868681515 7.0
2455.978516694789 7.0
2457.3414033374097 7.0
2461.9854598266998 7.0
2476.212321744994 7.0
2477.384819560398 7.0
2483.2494846151376 3.0
2488.546191720452 7.0
2489.5737918349205 7.0
2494.9697962734813 7.0
2503.5349376918853 7.0
2506.84968998178 7.0
2510.6140562526425 7.0
2513.278588691141 7.0
2517.2143725445244 7.0
2527.4707922547373 3.0
2528.2426916293825 7.0
2540.444307727718 7.0
2541.1465973011 7.0
2547.108795662494 7.0
2549.113843392303 3.0
2554.2009534400054 7.0
2555.9603911946733 7.0
2558.1426117588603 7.0
2558.6872914402716 3.0
2570.29742140535 7.0
2577.012923526297 7.0
2581.64119085133 7.0
2594.211628262769 7.0
2598.397186744979 7.0
2602.7097202535388 7.0
2606.5043787510217 3.0
2616.899772761913 7.0
2627.4449155953043 7.0
2631.4655001474007 7.0
2637.8247974368105 7.0
2638.67818888744 3.0
2645.2626643934445 7.0
2667.500769135546 7.0
2670.233059507292 3.0
2675.405564808509 7.0
2677.801489215337 7.0
2681.835790174835 7.0
2693.3569077740194 3.0
2695.139837167897 7.0
2696.327423726731 7.0
2710.791016476608 7.0
2711.2737844976004 7.0
2711.9281357752843 7.0
2712.2428876028953 7.0
2725.431647729862 7.0
2727.450630824898 7.0
2739.7137883287332 7.0
2741.726049032489 7.0
2743.606053246406 7.0
2765.348385029649 7.0
2765.551472878716 7.0
2770.843188559904 7.0
2774.367058240801 7.0
2774.3673297102764 7.0
2776.17488192831 7.0
2790.2703051642957 7.0
2792.713824299311 3.0
2794.4410516367925 3.0
2803.521561186134 7.0
2807.377881804008 7.0
2807.818519995913 7.0
2817.5756254715766 7.0
2823.930713309995 7.0
2826.2286113765563 7.0
2835.9133933390162 7.0
2836.0139556094277 7.0
2838.4659033877347 7.0
2842.339952792783 7.0
2851.6903177563768 7.0
2853.8512510589853 3.0
2855.3480524170695 3.0
2863.181870751504 7.0
2869.0169661437562 7.0
2873.4985006489505 7.0
2888.584656128131 3.0
2891.359867319752 7.0
2899.5346581648273 7.0
2902.3181432320634 7.0
2906.7730090774244 7.0
2914.419273577943 7.0
2917.0396729997437 3.0
2928.269864940657 3.0
2935.8910393653923 7.0
2940.6132953809783 7.0
2942.043096866193 7.0
2955.3021712227937 7.0
2963.2261915787353 7.0
2977.0912783280132 7.0
2981.865080478175 7.0
2983.415467918273 7.0
2990.417536255427 7.0
2998.001199621667 7.0
3010.7496510780566 7.0
3030.4102899010823 7.0
3031.695595850885 7.0
3033.565682408264 7.0
3049.346440395339 7.0
3051.0988399876483 3.0
3056.9718603340993 7.0
3065.5008093269444 7.0
3067.68138927032 3.0
3072.095861459694 7.0
3077.161235724549 3.0
3086.378958576825 7.0
3106.452825662115 3.0
3129.8892180098 7.0
3131.6866233088845 7.0
3138.1706650873 7.0
3138.4374918617195 3.0
3159.7024414381094 3.0
3162.0806839820248 3.0
3167.7552139726704 7.0
3173.392077909954 3.0
3175.724701317414 7.0
3177.436690475566 3.0
3184.5508214511383 7.0
3184.620746182571 7.0
3185.3191437281203 7.0
3186.380427755618 7.0
3186.432612942983 7.0
3187.6969223980104 7.0
3195.057456192455 3.0
3201.604411272143 7.0
3202.5458148209946 7.0
3210.1038579958667 3.0
3212.4130422078774 7.0
3215.199441324326 7.0
3228.4664727679005 7.0
3233.0040750939165 7.0
3240.922635248346 7.0
3242.5842842220454 7.0
3244.499763048346 7.0
3245.6975756824977 7.0
3246.160884027887 7.0
3248.45817676105 7.0
3248.7955379379446 7.0
3259.968995031575 7.0
3264.4912268066246 7.0
3264.7482151010336 7.0
3267.031414275855 3.0
3277.077069366351 7.0
3278.8115208022964 3.0
3278.9528521932516 7.0
3282.316735529038 3.0
3288.118498413604 7.0
3295.9303946101004 7.0
3305.0318597846376 7.0
3311.53710006569 7.0
3314.6545533454746 7.0
3318.5350286604694 7.0
3319.0617412021525 7.0
3319.652297356348 3.0
3321.5170409104335 7.0
3326.211743354999 7.0
3335.245378256849 7.0
3338.312233480005 7.0
3339.9761394202305 7.0
3348.8347133614006 7.0
3352.46162077591 3.0
3356.7145175138103 7.0
3367.219565283604 3.0
3368.2290458268308 7.0
3370.1981641838347 7.0
3371.711974382527 7.0
3373.004859912202 7.0
3385.738515906491 7.0
3386.019618801674 7.0
3386.283358731903 7.0
3401.6414435114075 7.0
3407.017761967815 3.0
3413.239975781077 7.0
3421.346451087039 7.0
3423.023649091716 7.0
3428.505248147352 7.0
3440.3184887471884 7.0
3440.4159814772665 3.0
3442.388485911387 7.0
3444.9290321725007 3.0
3456.741468495254 3.0
3461.824115338796 3.0
3474.9439820448533 7.0
3483.349983984847 7.0
3483.9755983896976 7.0
3509.5229243972713 7.0
3513.22226641979 3.0
3516.51807752891 7.0
3522.030570639683 7.0
3531.5030283611054 7.0
3535.218815086938 3.0
3537.3898984853736 7.0
3554.0055460490385 7.0
3555.893027052692 7.0
3558.8435550311874 3.0
3569.185930466938 7.0
3570.035300186746 7.0
3572.133698813887 3.0
3580.0908178326767 7.0
3590.3371859454833 7.0
3592.666456591771 7.0
3598.2541998770084 7.0
3603.882203543112 7.0
3609.910825603902 7.0
3611.107418201959 7.0
3612.7832452351236 3.0
3613.936665892631 7.0
3615.204403962843 7.0
3621.211467990505 7.0
3622.1881121328133 7.0
3640.1878234179944 3.0
3641.2369082669284 3.0
3642.3846744759326 7.0
3644.6454273728427 3.0
3644.8409066447266 7.0
3654.7510087618857 7.0
3661.270831838136 7.0
3663.6426816633616 7.0
3669.9533691629495 3.0
3678.9283213661624 7.0
3687.8311279462964 7.0
3690.370608330867 3.0
3691.605213711665 7.0
3703.07907011379 3.0
3713.9848080263473 7.0
3714.071674135911 7.0
3714.5213390196004 7.0
3719.3267870348823 7.0
3720.222677067107 7.0
3730.788888728298 3.0
3734.8628177307746 7.0
3738.2412740878053 7.0
3740.354048055852 7.0
3741.5269294124128 7.0
3743.3842317438243 7.0
3756.074538975413 7.0
3756.1449871167397 7.0
3759.2942144402964 7.0
3761.569806350906 7.0
3761.7585777558843 7.0
3763.4241164984774 3.0
3766.5647133574666 7.0
3768.0544467244104 7.0
3774.4842226737 7.0
3781.00829239135 7.0
3789.8200602187885 7.0
3792.138283802578 7.0
3799.924702055438 7.0
3801.183263579022 7.0
3811.574487336053 7.0
3818.5525684774675 7.0
3819.118186290829 7.0
3821.786793884251 7.0
3829.3851022046315 7.0
3841.0908468232633 7.0
3846.1305958009243 3.0
3850.42322126705 7.0
3864.174290721465 7.0
3864.7856933672065 7.0
3865.089919645765 7.0
3866.0757185717102 7.0
3867.5460755203144 7.0
3872.0990430608513 7.0
3874.3789048304116 3.0
3877.074890722379 3.0
3878.8916096367916 7.0
3887.883847812922 7.0
3889.278950145462 7.0
3889.739226287798 7.0
3890.0772663059274 7.0
3894.11603219414 3.0
3896.041602123569 3.0
3897.8217910057965 3.0
3899.830573080276 7.0
3903.984616601556 7.0
3908.5969504480295 7.0
3917.241881020909 3.0
3927.2018044501997 7.0
3929.7592851165164 7.0
3929.8457307304216 7.0
3930.9735067131082 7.0
3932.806867362494 7.0
3940.003027899966 7.0
3940.623415075428 7.0
3943.294131336912 7.0
3944.671462039154 7.0
3949.6204201053665 7.0
3954.4671574559184 7.0
3959.832258814688 7.0
3965.8608568090353 7.0
3976.2231939177404 3.0
3976.986467851485 7.0
3977.9889943426556 3.0
3985.571206116529 7.0
3989.5905941298956 3.0
3990.4217418588178 7.0
3994.0126534224905 7.0
3995.558205017439 7.0
3995.6548313392886 7.0
3995.7522163010044 3.0
3996.3185246107428 7.0
3999.8486185985903 7.0
4001.627754197162 7.0
4001.6362880603792 7.0
4001.8875657601093 3.0
4008.974440490567 7.0
4015.938171542858 7.0
4019.945948040165 7.0
4021.7799465458615 7.0
4030.1018033151486 7.0
4031.3874144252327 7.0
4032.2837912642344 7.0
4034.638323589409 7.0
4036.298222552779 7.0
4036.8521706554047 7.0
4041.9831072639386 7.0
4044.4704045980925 3.0
4053.2355517610827 7.0
4055.8746506561215 3.0
4057.625694728438 7.0
4061.303114572726 3.0
4064.9393178121627 7.0
4070.902081965865 3.0
4079.5341193034415 7.0
4080.7531048035025 7.0
4088.5125675117815 7.0
4090.534354361612 3.0
4097.470218359518 7.0
4097.801789656464 3.0
4101.818221096331 7.0
4106.693538138243 3.0
4114.066067820447 7.0
4120.444890366586 7.0
4122.682799847433 7.0
4132.966581469961 3.0
4138.735455959404 7.0
4148.775085924112 7.0
4158.498906089899 7.0
4165.369711693072 7.0
4169.233737496478 3.0
4184.099271231405 7.0
4190.479922442799 7.0
4193.870174044257 7.0
4199.558768915495 7.0
4200.548856532935 7.0
4200.7366829908 3.0
4215.691771811457 7.0
4217.894446301979 7.0
4224.412846106322 7.0
4228.223826397728 7.0
4229.464031095148 7.0
4235.664070841942 7.0
4239.134806104815 3.0
4240.830266270509 7.0
4241.557263114907 7.0
4251.005349247892 7.0
4255.461131089762 7.0
4260.119883134531 7.0
4266.236614248621 7.0
4266.579553584918 7.0
4268.16028778139 7.0
4288.243836085163 7.0
4290.6538685850155 7.0
4292.822337586192 7.0
4296.208098058063 7.0
4296.61760101214 7.0
4305.622305849068 3.0
4309.370944996059 7.0
4309.91492523741 7.0
4310.622113962705 7.0
4312.671000876957 7.0
4315.215838848345 7.0
4319.687764357496 7.0
4327.745573689996 7.0
4332.56827502856 7.0
4334.237217751086 7.0
4337.222136108294 3.0
4345.223832112002 3.0
4355.201009789345 7.0
4361.532220986614 3.0
4367.922544614023 7.0
4374.745496330824 3.0
4387.414906664983 7.0
4391.379491571089 7.0
4398.253956833548 7.0
4398.350065313632 7.0
4400.729121681657 7.0
4407.757650719266 7.0
4411.405223155727 3.0
4419.21913546102 7.0
4423.248611676835 3.0
4424.954123955872 3.0
4436.3253828649395 7.0
4436.914727939629 7.0
4437.7084637135285 3.0
4438.975506412307 7.0
4448.7171335679295 7.0
4452.4562145119935 7.0
4452.765446798718 7.0
4454.184603949239 7.0
4465.586358736748 7.0
4466.361591942938 7.0
4471.673606614692 7.0
4471.984363909 7.0
4476.961106578049 7.0
4478.546997510493 7.0
4486.709535781636 3.0
4499.364137991585 7.0
4499.426885489014 7.0
4516.658432731884 7.0
4527.646350549606 7.0
4540.851109391002 3.0
4545.090601595655 7.0
4549.164513946828 7.0
4556.029852945106 7.0
4559.5269246704465 7.0
4568.37082504217 7.0
4573.419053633687 7.0
4605.842132988981 3.0
4606.003605235974 7.0
4606.936517318645 7.0
4634.274386532127 7.0
4639.800153021773 7.0
4645.193504371638 3.0
4645.296292526437 7.0
4646.631024266154 7.0
4646.652467824473 7.0
4649.8446310267245 7.0
4651.395942489433 7.0
4652.966455314432 7.0
4655.922855589413 7.0
4656.797331939747 7.0
4662.3546384509145 3.0
4676.317881013809 3.0
4689.311818514659 7.0
4705.144980398595 3.0
4705.595501671622 7.0
4712.0202513314935 7.0
4717.541444904408 7.0
4727.450341288052 7.0
4732.608286637265 7.0
4740.357708214481 7.0
4740.687149934813 7.0
4740.780962926683 7.0
4742.218880968759 7.0
4748.588954063237 7.0
4752.10250452793 7.0
4763.089595006508 7.0
4767.120440755377 7.0
4768.9290638016555 7.0
4780.717631024352 3.0
4781.104115853398 7.0
4781.10764498243 3.0
4784.500465809188 3.0
4791.265518173479 7.0
4803.1886960441 3.0
4811.609213750516 7.0
4815.91969494827 3.0
4817.422361847689 7.0
4819.584714214976 7.0
4820.205936097842 7.0
4824.948952356669 7.0
4829.630625766915 7.0
4838.914938012224 3.0
4845.6417350046995 7.0
4846.811350413497 3.0
4848.607336832805 7.0
4853.279078203414 7.0
4861.643779674183 3.0
4865.4106142450355 7.0
4871.893879560554 7.0
4879.197812666447 7.0
4882.423950793499 7.0
4888.605292082383 7.0
4891.341760485415 7.0
4896.030618759762 7.0
4901.3275863095005 7.0
4905.820975858619 7.0
4908.33246370566 7.0
4921.68049044782 7.0
4936.133511709792 7.0
4942.199010805254 3.0
4945.121945153671 7.0
4955.430517977684 7.0
4955.688177679153 7.0
4960.672010571177 7.0
4961.348770076229 7.0
4973.484695825022 3.0
4980.5063176031945 7.0
4990.273697288393 3.0
4995.628761616132 3.0
4997.044709839583 7.0
5002.327756933322 7.0
5002.982984641412 7.0
5012.104415008424 7.0
5023.324228671308 7.0
5030.826817498322 3.0
5037.247073458249 7.0
5037.818456576792 7.0
